1\1\GINC-FC20611\SP\RB3LYP TD-FC\6-31G(d,p)\C74H47F3N4\JAGGBOW\02-Feb-2026\0\\#p
 b3lyp/6-31G(d,p) geom=check td=(50-50) scf=(xqc,maxconventionalcycles=100)\\stg
g291\\0,1\F,0,-7.940107853,0.616545445,1.5971666725\C,0,-6.7943050015,-0.1031581
939,1.5601901169\F,0,-6.0249152424,0.3654573456,2.5823891095\F,0,-7.1399861597,-
1.3597301349,1.8922041221\C,0,-6.0747792899,0.0570468164,0.227392717\C,0,-6.4447
326883,1.2162508643,-0.4705261437\C,0,-5.7891237393,1.6196801184,-1.6285912967\C
,0,-4.7005960142,0.8794097159,-2.0683315442\C,0,-4.3367172537,-0.2834241668,-1.3
925802619\C,0,-5.0218352859,-0.7685291493,-0.2693292112\C,0,-4.6084705084,-2.148
2527439,0.3419617029\C,0,-5.8163585103,-3.1563833981,0.3002160729\C,0,-6.9576287
923,-2.9114014358,-0.4751993507\C,0,-7.9584085711,-3.8741676318,-0.6225125121\C,
0,-7.8451845601,-5.1146271104,-0.000976724\C,0,-6.7028313865,-5.3876901311,0.752
036172\C,0,-5.6993959802,-4.430465931,0.8834178014\C,0,-3.5978211138,-2.96620837
87,-0.5311610003\C,0,-3.8284799201,-3.1703342596,-1.905113328\C,0,-3.0372273056,
-4.0364674222,-2.6538287614\C,0,-2.0113444589,-4.7628869503,-2.0452240835\C,0,-1
.8034142596,-4.6146013528,-0.6781316342\C,0,-2.5881430095,-3.7284362097,0.065579
9196\C,0,-4.0105213188,-1.8746478145,1.7675495754\C,0,-4.6075953143,-2.442050808
7,2.9052988459\C,0,-4.1122004772,-2.2690526097,4.1962944386\C,0,-2.9745926592,-1
.5000200987,4.4092863501\C,0,-2.3731474081,-0.8935137985,3.3124032991\C,0,-2.868
888971,-1.0571050528,2.0119995183\N,0,-2.160932303,-0.2976931064,1.007217509\C,0
,-2.3593736962,1.0815914556,0.8200268514\C,0,-3.370765186,1.9064149942,1.3161411
059\C,0,-3.3142058829,3.2631114135,1.0138558103\C,0,-2.2866463625,3.7976068853,0
.2108605785\N,0,-2.2659672198,5.1928688606,-0.0727274178\C,0,-1.2251351279,6.075
0503121,0.2371117761\C,0,-0.0182618297,5.8266907819,0.8970924862\C,0,0.846108097
8,6.9011200208,1.0934493091\C,0,0.5214867471,8.1945073411,0.6490869255\C,0,-0.68
61497637,8.4380825087,0.0022312399\C,0,-1.5742966151,7.3764403505,-0.2071302952\
C,0,-2.886013158,7.2744743447,-0.8110577771\C,0,-3.742891525,8.1955129563,-1.424
822154\C,0,-4.9648474249,7.7565152178,-1.9257645282\C,0,-5.3352795628,6.40466322
96,-1.8223394278\C,0,-4.5019353686,5.4668309558,-1.2168559438\C,0,-3.2798160726,
5.9151720019,-0.7082871698\C,0,-1.276000357,2.9706393542,-0.2794108984\C,0,-1.29
52854898,1.6125041517,0.0517363517\C,0,-0.3580440419,0.5320971687,-0.1609379681\
C,0,0.9013194141,0.4744642397,-0.7635108671\C,0,1.634658341,-0.7089308403,-0.682
2099495\N,0,2.9185480842,-0.7956676701,-1.295528305\C,0,3.1820648175,-0.67408882
9,-2.6632498291\C,0,2.29222464,-0.4627575179,-3.7198796001\C,0,2.8219373905,-0.3
919408808,-5.0057630563\C,0,4.2013776686,-0.5305373339,-5.2407073216\C,0,5.08136
71128,-0.7492306399,-4.1856625363\C,0,4.5754216689,-0.825492424,-2.8823633055\C,
0,5.1782913995,-1.0495272401,-1.5855055746\C,0,6.4944778944,-1.2423774997,-1.155
6072381\C,0,6.7432235199,-1.4241944512,0.2052942989\N,0,8.0754225592,-1.64113075
74,0.6629352059\C,0,8.8938053653,-2.7193191072,0.3163983711\C,0,8.6185410435,-3.
8081630487,-0.5154982354\C,0,9.6185481023,-4.7628778216,-0.6844157421\C,0,10.862
8764153,-4.6432960843,-0.0412384743\C,0,11.1281113118,-3.5609498503,0.7924118182
\C,0,10.1406813018,-2.5866778298,0.9811849616\C,0,10.0688533624,-1.3711558657,1.
7646451508\C,0,10.9656725653,-0.7099090913,2.6121409253\C,0,10.5754905093,0.4817
164057,3.2160123387\C,0,9.2994049455,1.020905388,2.9767885164\C,0,8.3870559324,0
.3842723551,2.1387396639\C,0,8.7814603673,-0.8167815466,1.5424791204\C,0,5.68554
55768,-1.3964399042,1.136909648\C,0,4.3720259784,-1.1837060871,0.7321779158\C,0,
4.1249328265,-1.0226950953,-0.6340949133\C,0,1.1242113019,-1.8136612156,0.025473
7625\C,0,-0.1245765982,-1.7673586698,0.6367286241\C,0,-0.8872118285,-0.604719990
3,0.5044120741\H,0,-7.2605701138,1.8150126515,-0.0873011912\H,0,-6.1126173358,2.
5109965647,-2.1564395209\H,0,-4.1293364639,1.1931918493,-2.9364843727\H,0,-3.479
8983704,-0.8320628806,-1.7553995353\H,0,-7.0840539775,-1.9591611981,-0.97461891\
H,0,-8.8299245307,-3.6435781534,-1.2284818558\H,0,-8.625118988,-5.8618862388,-0.
1114703781\H,0,-6.579550918,-6.3563845304,1.227726338\H,0,-4.8013207052,-4.69519
36271,1.429310857\H,0,-4.6560017636,-2.6693635176,-2.3940627574\H,0,-3.238292700
7,-4.158974759,-3.7141387252\H,0,-1.3994021047,-5.4456893609,-2.6265846291\H,0,-
1.029660627,-5.1896942038,-0.17744614\H,0,-2.4247191515,-3.6571231075,1.13406311
77\H,0,-5.5063354283,-3.0274682133,2.7842973017\H,0,-4.6276254269,-2.7368144649,
5.0296462791\H,0,-2.5704546559,-1.3564834413,5.4063714639\H,0,-1.5009106994,-0.2
608393462,3.4442397876\H,0,-4.1642002233,1.5139222963,1.937250232\H,0,-4.0672445
45,3.9344671015,1.4127144236\H,0,0.235358804,4.8328159443,1.2488486729\H,0,1.790
3494737,6.7329944225,1.6030870066\H,0,1.2191811477,9.0093332631,0.8160018186\H,0
,-0.9395021175,9.4397865089,-0.3332417038\H,0,-3.4554681104,9.2396059886,-1.5106
707255\H,0,-5.6385158233,8.462057186,-2.4022102418\H,0,-6.2920597127,6.082448730
5,-2.2235528345\H,0,-4.7890452789,4.4239414963,-1.1422940804\H,0,-0.4804229141,3
.3894384523,-0.8869922389\H,0,1.3245970641,1.3397355114,-1.2634573093\H,0,1.2272
140021,-0.3596506307,-3.5435004591\H,0,2.152270614,-0.2269384181,-5.8447237478\H
,0,4.580624442,-0.4676881722,-6.2558864299\H,0,6.1459888521,-0.8618390454,-4.369
6447947\H,0,7.320948405,-1.2447845425,-1.8589775715\H,0,7.6585040034,-3.90638201
7,-1.0104080065\H,0,9.4296442546,-5.6182254875,-1.3266798796\H,0,11.6214686149,-
5.4044152371,-0.196220847\H,0,12.0882039286,-3.4735884593,1.2933043488\H,0,11.95
48882567,-1.1210753095,2.7929526441\H,0,11.2622409696,1.0030658006,3.8758193507\
H,0,9.0171765102,1.9556665347,3.4525499259\H,0,7.4058756056,0.8069130554,1.95180
69722\H,0,5.9113884857,-1.5484475721,2.1871175899\H,0,3.5654567283,-1.1543008172
,1.4562488984\H,0,1.7236347367,-2.7154537531,0.091731996\H,0,-0.4855230066,-2.61
50936703,1.2010174681\\Version=ES64L-G16RevC.01\State=1-A\HF=-3366.8574113\RMSD=
4.939e-09\PG=C01 [X(C74H47F3N4)]\\@
